(QML) PS C:\QML> python demo.py
Quantum model probabilities: [0.1401537  0.59138046 0.74384141 0.70318331 0.4893582  0.6959801
 0.27718986 0.4369892  0.66349007 0.29663164 0.25310925 0.71499289
 0.62914414 0.6547315  0.82875534 0.43920452 0.42708926 0.3501136
 0.56083061 0.34235328 0.52807131 0.77120079 0.74400587 0.81946735
 0.72734343 0.61222534 0.50708892 0.76533264 0.36169442 0.85179834
 0.3638148  0.49719926 0.6363115  0.46695254 0.42488785 0.62727758
 0.55030475 0.3626694  0.5871502  0.80814708 0.88866205 0.56259136
 0.37669138 0.69935894 0.66260368 0.43254589 0.71921293 0.63398592
 0.56719101 0.79617516 0.76425696 0.47366291 0.6228569  0.77278549
 0.63200618 0.62081852 0.36745011 0.72952549 0.55594955 0.7093827
 0.68022819 0.48847133 0.7795544  0.61278197 0.60086914 0.34791188
 0.53492733 0.60891163 0.50265516 0.09372395 0.92491198 0.57306913
 0.56695283 0.68669881 0.67743696 0.80240622 0.65125741 0.55109284
 0.65183243 0.50360969 0.61579638 0.6998826  0.8005814  0.57244129
 0.56649969 0.41849075 0.27409905 0.13636835 0.70442695 0.29798336
 0.46523752 0.63159079 0.4113681  0.63536153 0.44739691 0.47137193
 0.59394936 0.49678402 0.50787084 0.17671901 0.41993971 0.63214597
 0.63132257 0.51036255 0.66069744 0.39228672 0.50159407 0.83656247
 0.70428022 0.71972641 0.48346231 0.59006577 0.4415382  0.32003743
 0.63088211 0.34895649 0.78197507 0.55619547 0.38963652 0.73380599
 0.72734343 0.10726063 0.53205439 0.64325884 0.45163157 0.45512879
 0.45406716 0.37594995 0.55231999 0.75816501 0.81434723 0.50865946
 0.60307479 0.47411416 0.41385342 0.4914636  0.56825198 0.55017484
 0.35722629 0.39456459 0.62647542 0.56017503 0.51468743 0.57350353
 0.55137044 0.64920507 0.5107805  0.85143087 0.53110504 0.6304829
 0.53064083 0.54101125 0.56160753 0.45737105 0.29570677 0.28895989
 0.4673313  0.56850575 0.86111661 0.55941299 0.53631639 0.31013874
 0.52880982 0.42481159 0.66092459 0.59908777 0.85252196 0.50832571
 0.42748063 0.46079558 0.26442249 0.16958862 0.80143267 0.62704781
 0.34534137 0.74553714 0.72233486 0.65188384 0.67623937 0.61441075
 0.71293792 0.34434166 0.61464209 0.78208922 0.53046627 0.76185554
 0.51453628 0.55277783 0.4870728  0.7327918  0.38465951 0.38347872
 0.53335671 0.52528724 0.6079285  0.70186164 0.48530863 0.70029221
 0.54342083 0.58384136 0.36195599 0.59764305 0.55490293 0.62533049
 0.90082457 0.54261077 0.65628571 0.34089853 0.38722377 0.47287315
 0.47154629 0.75529348 0.49719926 0.60898196 0.72897792 0.68169998
 0.45485961 0.57596924 0.49815076 0.44035926 0.58635529 0.74591026
 0.53972685 0.47959544 0.54645962 0.54954466 0.59470953 0.50229753
 0.64026873 0.62972785 0.80994893 0.37910896 0.5418641  0.49485628
 0.42863748 0.56051914 0.67841648 0.46953198 0.69319929 0.47550859
 0.62277783 0.86692566 0.26896723 0.37219287 0.79616783 0.32681337
 0.42525334 0.5858622  0.84412317 0.46600772 0.56777502 0.2317064
 0.64891799 0.45200346 0.44692737 0.51981223 0.7107925  0.71105639
 0.41038784 0.1332725  0.72722789 0.65956168 0.84576951 0.64877545
 0.54290458 0.56664995 0.68567957 0.55598764 0.52907559 0.58309615
 0.49754144 0.52394739 0.69825791 0.67841148 0.45521885 0.5945912
 0.46523752 0.37508049 0.793374   0.50832571 0.61556127 0.61899152
 0.82891068 0.40857994 0.87058623 0.57019856 0.55353486 0.38400512
 0.70060569 0.69422086 0.4469109  0.78273783 0.38441226 0.37197513
 0.28208737 0.73581586 0.53416293 0.58035091 0.3571285  0.40049797
 0.77875243 0.2099456  0.65765665 0.43852307 0.56462609 0.71464339
 0.3357139  0.52091854 0.74671704 0.73803592 0.31261805 0.74755992
 0.53095012 0.41635399 0.57968622 0.77915473 0.47352266 0.12961664
 0.42683136 0.32934869 0.56275866 0.4160899  0.86038445 0.57356067
 0.64739536 0.64007115 0.59731512 0.40109753 0.88223644 0.55680024
 0.61172105 0.27538204 0.56064926 0.60856173 0.60119075 0.64953857
 0.45367309 0.27604649 0.78639946 0.63448187 0.886873   0.32615632
 0.47171183 0.16951328 0.37686221 0.8197054  0.79320795 0.53616708
 0.59945841 0.54185312 0.57778602 0.36401201 0.55129023 0.61037879
 0.69645065 0.80240622 0.57693168 0.44453841 0.59813398 0.75880927
 0.4692442  0.69585343 0.6126726  0.56231014 0.20259037 0.65732063
 0.42169413 0.49752559 0.69785034 0.17354536 0.59648395 0.13710269
 0.5089433  0.20924567 0.77373169 0.76696963 0.29912939 0.38090062
 0.7260501  0.64446224 0.36366463 0.41677466 0.62676597 0.48367461
 0.63343589 0.3909169  0.88329155 0.33347851 0.49235333 0.53347458
 0.80803615 0.54566332 0.59278454 0.46800423 0.77658582 0.63068504
 0.55109284 0.4037943  0.38288777 0.5750537  0.61554079 0.72478526
 0.71558375 0.4452398  0.73226378 0.56277443 0.56714816 0.49492581
 0.70743837 0.84675814 0.68449693 0.82915288 0.69796656 0.46910683
 0.61138849 0.43227726 0.55040242 0.3299306  0.65763983 0.34601281
 0.62822062 0.70318331 0.50735265 0.8610742  0.61753071 0.73740249
 0.7380371  0.54255939 0.74656303 0.26417868 0.31358374 0.42258973
 0.22167386 0.571573   0.36783832 0.37321333 0.53802792 0.12679926
 0.68960932 0.38963652 0.44727313 0.73748918 0.45482055 0.89101306
 0.57968622 0.29611642 0.27412205 0.62234821 0.36982459 0.5873599
 0.32134631 0.68483372 0.63732036 0.61464209 0.34008969 0.6034111
 0.59335514 0.46075499 0.27412205 0.79701144 0.50389023 0.7684146
 0.24703458 0.08684501 0.8174929  0.40957354 0.73496833 0.28731122
 0.33227884 0.2804418  0.6888348  0.12449296 0.34811489 0.30029596
 0.76959888 0.39901383 0.18137255]